0.2943  -0.0981  -10.2024
0.2943  -0.0981  -10.300500000000001
0.2943  0.0  -10.300500000000001
0.2943  -0.0981  -10.300500000000001
0.1962  0.0  -10.300500000000001
0.2943  -0.0  -10.300500000000001
0.2943  -0.0981  -10.300500000000001
0.2943  -0.0  -10.300500000000001
0.1962  -0.1962  -10.2024
0.2943  -0.0  -10.1043
0.1962  -0.0  -10.300500000000001
0.5886  0.0  -10.1043
0.3924  -0.0  -10.300500000000001
0.2943  -0.0981  -10.2024
0.2943  -0.0  -10.300500000000001
0.1962  -0.0981  -10.300500000000001
0.2943  -0.0981  -10.300500000000001
0.1962  -0.0981  -10.594800000000001
0.49050000000000005  -0.0  -10.300500000000001
0.2943  -0.0981  -10.1043
0.2943  -0.0  -10.300500000000001
0.2943  -0.0981  -10.398600000000002
0.2943  -0.0  -10.300500000000001
0.1962  -0.0981  -10.2024
0.1962  -0.0981  -10.2024
0.3924  -0.0981  -10.300500000000001
0.2943  -0.0  -10.300500000000001
0.1962  -0.0981  -10.300500000000001
0.2943  -0.0  -10.1043
0.1962  -0.0981  -10.4967
0.2943  -0.0  -10.300500000000001
0.2943  -0.0  -10.300500000000001
0.3924  -0.0  -10.300500000000001
-0.7848  0.5886  -9.908100000000001
-0.2943  0.0981  -10.2024
0.0981  -0.3924  -11.0853
0.9810000000000001  -0.49050000000000005  -10.300500000000001
1.1772  -0.3924  -10.2024
0.3924  0.0  -10.1043
0.1962  0.0  -10.1043
0.3924  0.0  -10.300500000000001
0.0981  0.0  -10.2024
0.6867000000000001  -0.1962  -10.2024
0.3924  -0.0981  -10.006200000000002
0.3924  -0.0  -10.300500000000001
0.3924  -0.0981  -10.300500000000001
0.3924  -0.0981  -10.300500000000001
0.2943  -0.0981  -10.2024
-1.8639000000000001  0.3924  -11.183399999999999
2.3544  -0.9810000000000001  -9.908100000000001
1.0791000000000002  -0.2943  -10.889100000000001
1.4715  -0.1962  -10.692900000000002
0.1962  -0.0981  -10.2024
0.3924  -0.0  -10.1043
0.2943  0.49050000000000005  -10.398600000000002
1.5696  0.2943  -9.908100000000001
0.3924  -0.1962  -10.300500000000001
0.2943  -0.0  -10.300500000000001
0.3924  -0.0981  -10.300500000000001
0.3924  0.0  -10.2024
0.2943  -0.0981  -10.2024
0.2943  -0.0981  -10.300500000000001
0.2943  -0.0981  -10.2024
0.2943  -0.0981  -10.300500000000001
0.1962  -0.0981  -10.398600000000002
0.3924  -0.0  -10.2024
0.3924  -0.0981  -10.300500000000001
-0.0981  0.2943  -10.300500000000001
0.5886  0.0  -10.300500000000001
0.2943  -0.0981  -10.2024
-1.2753  0.5886  -10.398600000000002
1.8639000000000001  -0.3924  -10.791000000000002
0.3924  -0.0981  -10.2024
-1.1772  0.2943  -10.300500000000001
1.2753  -0.49050000000000005  -10.300500000000001
-0.2943  0.2943  -10.1043
0.5886  0.0981  -10.4967
1.8639000000000001  -0.7848  -10.300500000000001
-1.5696  0.2943  -10.2024
0.2943  -0.1962  -10.692900000000002
1.8639000000000001  -0.7848  -10.791000000000002
0.3924  -0.0  -10.1043
-0.49050000000000005  -0.5886  -10.594800000000001
1.2753  0.8829  -10.398600000000002
0.0981  -0.1962  -10.300500000000001
0.7848  -0.3924  -9.2214
0.9810000000000001  0.2943  -10.2024
0.2943  -0.1962  -10.300500000000001
-0.7848  0.1962  -10.4967
0.49050000000000005  -0.3924  -10.4967
1.6677000000000002  -0.1962  -10.300500000000001
1.8639000000000001  0.5886  -10.300500000000001
0.0981  0.0  -10.2024
0.7848  -0.1962  -10.1043
0.2943  -0.1962  -10.300500000000001
0.2943  -0.0981  -10.300500000000001
0.1962  -0.0981  -10.4967
0.1962  -0.0981  -10.2024
0.3924  -0.0981  -10.300500000000001
0.2943  -0.0981  -10.2024
0.0981  -0.2943  -9.5157
0.2943  -0.0981  -11.183399999999999
0.5886  0.0981  -9.81
0.0  -0.0981  -9.7119
0.0981  -0.1962  -10.594800000000001
0.49050000000000005  0.0981  -10.594800000000001
0.2943  -0.0  -10.006200000000002
0.0981  -0.1962  -10.2024
0.3924  -0.0  -10.692900000000002
0.2943  -0.0  -10.1043
0.2943  -0.0981  -10.2024
0.2943  -0.0981  -10.4967
0.2943  -0.0981  -10.300500000000001
0.2943  -0.0981  -10.1043
0.2943  -0.0981  -10.300500000000001
0.1962  -0.0  -10.300500000000001
0.1962  -0.0981  -10.2024
0.1962  -0.0981  -10.300500000000001
0.1962  -0.0981  -10.2024
0.2943  -0.1962  -10.2024
0.2943  -0.0981  -10.398600000000002
0.3924  -0.0981  -10.2024
0.1962  -0.0981  -10.398600000000002
0.1962  -0.0981  -10.300500000000001
0.1962  -0.0981  -10.2024
0.1962  -0.0981  -10.300500000000001
0.2943  -0.0981  -10.398600000000002
0.2943  -0.0  -10.300500000000001
0.2943  -0.0  -10.2024
0.1962  -0.1962  -10.300500000000001
0.2943  -0.1962  -10.300500000000001
0.1962  -0.0981  -10.300500000000001
0.2943  -0.0  -10.300500000000001
0.2943  -0.0981  -10.398600000000002
0.1962  -0.0981  -10.2024
0.3924  -0.0981  -10.300500000000001
0.2943  -0.0981  -10.300500000000001
0.1962  -0.0981  -10.398600000000002
0.1962  0.0981  -9.81
0.0981  -0.0981  -10.1043
0.1962  -0.0981  -10.300500000000001
0.3924  -0.0  -10.398600000000002
0.1962  -0.0981  -10.300500000000001
0.2943  -0.0  -10.2024
0.2943  -0.0  -10.300500000000001
0.1962  -0.0981  -10.2024
0.2943  -0.0981  -10.300500000000001
0.1962  -0.0981  -10.2024
0.1962  -0.0981  -10.300500000000001
0.3924  -0.0981  -10.300500000000001
0.1962  -0.0981  -10.300500000000001
0.1962  -0.0981  -10.300500000000001
0.2943  -0.0  -10.300500000000001
1.0791000000000002  -0.2943  -10.300500000000001
2.3544  0.8829  -9.81
0.1962  0.0  -10.1043
-0.0981  0.0  -10.300500000000001
-0.8829  0.2943  -10.692900000000002
-2.4525  -0.2943  -10.594800000000001
-3.4335  -0.0981  -10.889100000000001
2.0601  -0.0981  -10.987200000000001
4.4145  -0.3924  -10.006200000000002
1.5696  -0.6867000000000001  -10.300500000000001
3.0411  0.5886  -10.006200000000002
-0.2943  0.0981  -10.006200000000002
0.0981  -0.0981  -10.2024
0.0981  -0.0  -10.300500000000001
0.1962  -0.0981  -10.398600000000002
0.1962  -0.0981  -10.2024
0.0981  -0.0  -10.2024
0.0981  -0.0981  -10.398600000000002
0.2943  -0.0981  -10.398600000000002
0.1962  -0.0981  -10.2024
0.0981  -0.0981  -10.300500000000001
0.1962  -0.0981  -10.398600000000002
0.1962  -0.0981  -10.300500000000001
0.3924  -0.0981  -10.398600000000002
-0.2943  -0.0981  -11.0853
0.7848  0.7848  -10.594800000000001
0.0  -0.49050000000000005  -11.3796
0.0  0.0  -8.7309
-0.3924  0.0981  -10.006200000000002
1.0791000000000002  -0.3924  -11.772
0.1962  -0.2943  -9.81
-0.3924  -0.0  -10.2024
0.49050000000000005  -0.0981  -10.987200000000001
0.2943  -0.2943  -10.2024
-0.1962  -0.0981  -9.908100000000001
0.0981  -0.0981  -10.791000000000002
0.49050000000000005  -0.0  -10.300500000000001
0.0  -0.0981  -9.908100000000001
0.0981  -0.0  -10.398600000000002
0.2943  -0.0981  -10.4967
0.0981  -0.0981  -10.2024
-0.0981  -0.0981  -10.2024
0.1962  -0.0981  -10.594800000000001
0.1962  -0.1962  -10.300500000000001
-0.3924  -0.0981  -10.006200000000002
2.7468000000000004  -1.9620000000000002  -14.715
0.1962  -1.0791000000000002  -9.6138
-0.2943  -0.1962  -10.1043
0.49050000000000005  0.1962  -10.398600000000002
0.0981  -0.0981  -10.300500000000001
0.1962  -0.0981  -10.300500000000001
0.1962  -0.0981  -10.300500000000001
0.1962  -0.0981  -10.300500000000001
0.1962  -0.0981  -10.300500000000001
0.1962  -0.0981  -10.300500000000001
0.1962  -0.0981  -10.300500000000001
0.0981  -0.0981  -10.2024
0.1962  -0.0981  -10.300500000000001
0.0981  -0.0981  -10.2024
0.0981  -0.0981  -10.300500000000001
0.1962  -0.0981  -10.2024
0.1962  -0.0981  -10.398600000000002
-9.3195  -12.4587  -16.775100000000002
1.8639000000000001  -1.4715  -10.2024
0.2943  1.0791000000000002  -10.1043
4.8069  -0.49050000000000005  -9.908100000000001
3.1392  -0.8829  -10.1043
-0.2943  -0.2943  -10.1043
0.7848  0.0981  -9.025200000000002
-3.0411  0.5886  -10.398600000000002
-2.8449  0.9810000000000001  -10.300500000000001
-4.4145  0.3924  -10.300500000000001
0.2943  0.0  -10.300500000000001
0.2943  -0.0  -10.300500000000001
0.1962  -0.0981  -10.300500000000001
0.2943  -0.0981  -10.300500000000001
0.2943  -0.0  -10.300500000000001
0.2943  -0.0981  -10.300500000000001
0.2943  -0.0981  -10.2024
0.2943  -0.0981  -10.398600000000002
0.2943  -0.0981  -10.300500000000001
0.2943  -0.0981  -10.300500000000001
0.2943  -0.0  -10.2024
0.1962  -0.0981  -10.300500000000001
0.2943  -0.0981  -10.398600000000002
0.2943  -0.0981  -10.2024
0.2943  -0.0  -10.300500000000001
0.2943  -0.0981  -10.300500000000001
0.2943  -0.0981  -10.300500000000001
0.1962  -0.0981  -10.300500000000001
0.2943  -0.0  -10.398600000000002
0.1962  -0.0981  -10.2024
0.2943  -0.0  -10.2024
0.2943  -0.0981  -10.2024
0.3924  -0.0981  -10.2024
0.2943  0.0  -10.398600000000002
0.3924  0.0  -10.1043
0.2943  -0.0  -10.398600000000002
0.3924  0.0  -10.2024
0.3924  -0.0981  -10.300500000000001
0.3924  0.0981  -10.398600000000002
0.1962  -0.0981  -10.398600000000002
0.2943  -0.0981  -10.300500000000001
0.2943  -0.0  -10.300500000000001
0.2943  -0.0  -10.2024
0.2943  -0.0981  -10.300500000000001
0.1962  -0.0981  -10.4967
0.3924  -0.0  -10.2024
0.3924  -0.0981  -10.300500000000001
0.2943  -0.0  -10.300500000000001
0.2943  -0.0981  -10.398600000000002
0.3924  -0.0  -10.300500000000001
0.2943  -0.0  -10.2024
0.2943  -0.0981  -10.4967
0.2943  -0.0  -10.4967
0.2943  0.0  -10.300500000000001
0.2943  -0.0981  -10.398600000000002
0.3924  -0.0  -10.300500000000001
0.2943  -0.0  -10.398600000000002
0.1962  -0.0981  -10.006200000000002
0.2943  -0.0981  -10.006200000000002
0.2943  -0.0981  -10.300500000000001
0.3924  -0.0  -10.1043
0.2943  -0.0  -10.398600000000002
0.3924  -0.0  -10.1043
0.3924  -0.0981  -10.300500000000001
0.1962  -0.0981  -10.300500000000001
0.2943  -0.0  -10.398600000000002
0.2943  -0.0981  -10.2024
0.3924  -0.0  -10.2024
0.1962  -0.0  -10.4967
0.2943  -0.0981  -10.2024
0.2943  -0.0  -10.2024
0.2943  -0.0981  -10.2024
0.2943  -0.0  -10.2024
0.3924  -0.0  -10.300500000000001
0.2943  -0.0  -10.2024
0.1962  0.0  -10.300500000000001
0.2943  0.0  -10.300500000000001
0.3924  -0.0  -10.300500000000001
0.2943  -0.0  -10.300500000000001
0.2943  -0.0  -10.2024
0.2943  -0.0  -10.300500000000001
0.2943  -0.0981  -10.300500000000001
0.2943  -0.0981  -10.300500000000001
0.2943  -0.0981  -10.2024
0.3924  -0.0  -10.398600000000002
0.3924  -0.0  -10.2024
0.2943  -0.0  -10.300500000000001
0.2943  -0.0  -10.300500000000001
0.2943  0.0  -10.398600000000002
0.2943  0.0  -10.300500000000001
0.2943  -0.0  -10.2024
0.2943  -0.0  -10.2024
0.2943  -0.0981  -10.300500000000001
0.3924  -0.0981  -10.300500000000001
0.2943  -0.0  -10.398600000000002
0.2943  -0.0981  -10.2024
0.2943  -0.0  -10.300500000000001
0.3924  -0.0  -10.2024
0.2943  0.0  -10.300500000000001
0.3924  0.0  -10.300500000000001
0.3924  -0.0  -10.300500000000001
0.3924  -0.0  -10.300500000000001
0.2943  -0.0  -10.2024
0.3924  -0.0  -10.300500000000001
0.2943  -0.0981  -10.300500000000001
0.2943  0.0  -10.300500000000001
0.2943  0.0  -10.2024
0.2943  -0.0981  -10.2024
0.2943  -0.0  -10.300500000000001
0.2943  -0.0  -10.2024
0.2943  -0.0981  -10.2024
0.2943  -0.0981  -10.300500000000001
0.2943  -0.0981  -10.300500000000001
0.2943  -0.0  -10.300500000000001
0.2943  -0.0  -10.398600000000002
0.2943  -0.0981  -10.300500000000001
0.2943  0.0  -10.1043
0.2943  -0.0981  -10.300500000000001
0.3924  -0.0981  -10.2024
0.2943  -0.0981  -10.2024
0.2943  -0.0  -10.398600000000002
0.2943  -0.0  -10.300500000000001
0.2943  -0.0  -10.300500000000001
0.2943  -0.0  -10.2024
0.2943  -0.0981  -10.2024
0.2943  -0.0981  -10.300500000000001
0.0981  -0.0981  -10.398600000000002
0.0981  -0.0981  -10.398600000000002
0.1962  -0.0981  -10.398600000000002
0.2943  -0.0981  -10.2024
-6.670800000000001  0.1962  -10.791000000000002
-7.3575  1.8639000000000001  -10.398600000000002
-9.6138  -0.2943  -10.300500000000001
1.2753  -0.49050000000000005  -8.7309
-7.553700000000001  -6.180300000000001  -10.1043
-3.1392  -1.8639000000000001  -11.6739
-0.3924  -2.4525  -10.1043
2.8449  -0.7848  -10.791000000000002
5.003100000000001  -2.0601  -9.2214
6.376500000000001  -1.0791000000000002  -8.927100000000001
3.8259000000000003  -2.8449  -10.2024
1.1772  -5.395500000000001  -10.1043
1.2753  -2.2563000000000004  -10.2024
1.0791000000000002  -1.2753  -10.006200000000002
0.3924  -0.1962  -10.300500000000001
0.0981  0.49050000000000005  -10.1043
0.1962  -0.1962  -10.300500000000001
-0.0981  -0.1962  -10.1043
0.1962  -0.0981  -10.300500000000001
0.2943  -0.0981  -10.398600000000002
0.2943  -0.0  -10.300500000000001
0.2943  -0.0981  -10.300500000000001
0.2943  -0.0981  -10.398600000000002
0.2943  -0.0981  -10.2024
0.2943  -0.0981  -10.2024
0.2943  -0.0981  -10.4967
0.3924  -0.0981  -10.398600000000002
0.2943  -0.0981  -10.2024
0.2943  -0.0981  -10.2024
0.49050000000000005  -0.0981  -10.300500000000001
0.2943  -0.0981  -10.2024
0.1962  -0.0  -10.300500000000001
0.2943  -0.0981  -10.2024
0.1962  -0.0981  -10.2024
0.3924  -0.0981  -10.791000000000002
0.1962  -0.0  -10.889100000000001
0.1962  -0.1962  -9.1233
0.1962  -0.0981  -10.4967
0.1962  -0.0981  -11.0853
0.2943  -0.0981  -9.6138
0.1962  -0.0981  -10.006200000000002
0.2943  -0.1962  -10.987200000000001
0.2943  -0.0  -10.398600000000002
0.1962  -0.0981  -9.81
0.1962  -0.1962  -10.594800000000001
0.2943  -0.0981  -10.4967
0.1962  -0.1962  -10.006200000000002
0.1962  -0.0981  -10.2024
0.2943  -0.0981  -10.4967
0.2943  -0.0981  -10.2024
0.2943  -0.0981  -10.1043
0.1962  -0.0981  -10.4967
0.2943  -0.0981  -10.398600000000002
0.2943  -0.0981  -10.2024
0.2943  -0.0981  -10.300500000000001
0.2943  -0.0  -10.398600000000002
0.1962  -0.0981  -10.300500000000001
0.2943  -0.0981  -10.300500000000001
0.0981  -0.1962  -10.300500000000001
0.1962  -0.0981  -10.300500000000001
0.1962  -0.0981  -10.2024
0.1962  -0.0981  -10.398600000000002
0.3924  -0.0981  -10.300500000000001
0.1962  -0.0981  -10.300500000000001
0.1962  -0.0981  -10.2024
0.2943  -0.0981  -10.300500000000001
0.3924  -0.0981  -10.300500000000001
0.1962  -0.1962  -10.2024
0.1962  -0.0981  -10.300500000000001
0.2943  -0.0981  -10.300500000000001
0.2943  -0.0981  -10.398600000000002
0.2943  -0.0981  -10.300500000000001
0.2943  -0.0981  -10.398600000000002
0.2943  -0.0981  -10.300500000000001
0.2943  -0.0981  -10.2024
0.2943  -0.0  -10.398600000000002
0.1962  -0.1962  -10.398600000000002
0.2943  -0.0981  -10.300500000000001
0.2943  -0.0981  -10.300500000000001
0.1962  -0.0981  -10.2024
0.1962  -0.0981  -10.2024
0.2943  -0.0981  -10.300500000000001
0.2943  -0.0981  -10.4967
0.1962  -0.0981  -10.300500000000001
0.2943  -0.0981  -10.300500000000001
0.2943  -0.1962  -10.300500000000001
0.2943  -0.0981  -10.398600000000002
0.0981  -0.1962  -10.1043
0.1962  -0.0981  -10.300500000000001
0.1962  -0.0981  -10.398600000000002
0.2943  -0.0981  -10.300500000000001
0.1962  -0.0981  -10.1043
0.2943  -0.0981  -10.398600000000002
0.1962  -0.0981  -10.398600000000002
0.2943  -0.0  -10.2024
0.1962  -0.0981  -10.398600000000002
0.2943  -0.0981  -10.398600000000002
0.1962  -0.0981  -10.300500000000001
0.2943  -0.0981  -10.2024
0.3924  -0.0981  -10.300500000000001
0.1962  -0.0981  -10.398600000000002
0.2943  -0.0981  -10.2024
0.1962  -0.1962  -10.300500000000001
0.2943  -0.0981  -10.300500000000001
0.1962  -0.0981  -10.300500000000001
0.1962  -0.0981  -10.300500000000001
0.3924  -0.0981  -10.300500000000001
0.2943  -0.0981  -10.398600000000002
0.2943  -0.0981  -10.2024
0.1962  -0.0981  -10.300500000000001
0.1962  -0.1962  -10.300500000000001
0.2943  -0.1962  -10.300500000000001
0.2943  -0.0981  -10.300500000000001
0.1962  -0.0981  -10.398600000000002
0.2943  -0.0981  -10.300500000000001
0.1962  -0.0981  -10.2024
0.3924  -0.0981  -10.300500000000001
0.2943  -0.1962  -10.300500000000001
0.2943  -0.1962  -10.300500000000001
0.2943  -0.0981  -10.300500000000001
0.49050000000000005  -0.0  -10.300500000000001
0.1962  -0.0981  -10.300500000000001
0.1962  -0.0981  -10.300500000000001
0.3924  -0.0981  -10.2024
0.2943  -0.0981  -10.300500000000001
0.1962  -0.0981  -10.300500000000001
0.3924  -0.0981  -10.300500000000001
0.1962  -0.1962  -10.300500000000001
0.2943  -0.0981  -10.300500000000001
7.946100000000001  4.8069  -13.8321
5.493600000000001  -1.4715  -11.772
1.0791000000000002  -1.1772  -9.2214
1.2753  -1.5696  -10.594800000000001
3.1392  -0.5886  -11.8701
1.7658  -0.2943  -10.006200000000002
-0.8829  -1.3734000000000002  -10.987200000000001
0.1962  -0.2943  -9.6138
-0.8829  -0.49050000000000005  -10.791000000000002
1.0791000000000002  0.49050000000000005  -10.692900000000002
1.8639000000000001  0.2943  -8.4366
0.2943  0.0981  -10.1043
-0.0981  0.8829  -11.4777
-2.1582000000000003  0.49050000000000005  -10.889100000000001
-2.0601  0.49050000000000005  -11.772
-1.8639000000000001  -0.2943  -10.398600000000002
-0.9810000000000001  -1.3734000000000002  -10.398600000000002
-0.6867000000000001  -0.49050000000000005  -9.908100000000001
-3.2373000000000003  -1.1772  -10.2024
-2.3544  -0.5886  -10.006200000000002
-1.4715  0.2943  -9.7119
-0.9810000000000001  -0.7848  -10.2024
0.6867000000000001  -0.2943  -7.4556000000000004
-0.1962  0.2943  -11.9682
0.1962  0.1962  -12.1644
0.0981  -0.1962  -9.3195
0.0981  -0.0  -10.006200000000002
0.2943  0.0981  -10.398600000000002
0.2943  -0.0981  -10.300500000000001
-0.9810000000000001  0.2943  -10.2024
0.2943  -0.0981  -10.300500000000001
0.2943  -0.0981  -10.398600000000002
0.3924  -0.0981  -10.2024
0.2943  -0.0981  -10.300500000000001
0.2943  -0.0  -10.300500000000001
0.1962  -0.0  -10.300500000000001
0.2943  -0.0  -10.300500000000001
0.2943  -0.0  -10.2024
0.2943  -0.0  -10.300500000000001
0.1962  -0.0  -10.300500000000001
0.2943  -0.0  -10.300500000000001
0.1962  0.0  -10.2024
0.3924  0.0981  -10.300500000000001
0.2943  -0.0  -10.594800000000001
0.1962  -0.0981  -10.300500000000001
0.2943  -0.0  -10.300500000000001
0.2943  -0.0981  -10.300500000000001
0.0981  -0.0  -10.398600000000002
0.5886  -0.0981  -10.1043
0.2943  -0.0981  -10.300500000000001
0.2943  -0.0  -10.300500000000001
0.2943  -0.0  -10.300500000000001
-0.3924  -0.0  -10.2024
-0.0  -0.1962  -10.2024
0.1962  -0.3924  -10.1043
0.5886  -0.2943  -10.4967
1.0791000000000002  -0.1962  -10.594800000000001
0.49050000000000005  0.0  -9.6138
0.3924  -0.0981  -10.2024
0.2943  -0.0981  -10.300500000000001
0.3924  -0.1962  -10.398600000000002
0.2943  -0.0981  -10.300500000000001
0.2943  -0.0981  -10.300500000000001
0.49050000000000005  -0.0981  -10.2024
0.3924  -0.0981  -10.300500000000001
0.2943  -0.0  -10.300500000000001
0.3924  -0.0981  -10.300500000000001
0.3924  -0.0981  -10.300500000000001
0.3924  -0.0981  -10.2024
0.2943  -0.0981  -10.006200000000002
0.3924  0.0  -10.300500000000001
0.3924  -0.0981  -10.2024
0.2943  -0.0981  -10.398600000000002
0.3924  0.0  -10.2024
0.2943  -0.0981  -10.300500000000001
0.3924  -0.0981  -10.006200000000002
1.1772  0.8829  -10.4967
1.3734000000000002  0.49050000000000005  -10.398600000000002
1.0791000000000002  -0.9810000000000001  -10.2024
0.1962  -0.5886  -8.927100000000001
-2.0601  -0.2943  -10.300500000000001
2.5506  1.6677000000000002  -12.753000000000002
-0.3924  0.7848  -9.3195
2.6487000000000003  0.9810000000000001  -9.1233
0.3924  0.0  -10.1043
0.2943  -0.0981  -10.398600000000002
0.1962  -0.0981  -10.300500000000001
0.2943  -0.0981  -10.2024
0.2943  -0.0981  -10.1043
0.1962  -0.0981  -10.300500000000001
0.1962  -0.0981  -10.2024
0.2943  -0.0981  -10.300500000000001
0.0981  -0.0981  -10.300500000000001
-0.2943  -2.0601  -9.908100000000001
1.4715  0.7848  -9.4176
0.5886  -1.8639000000000001  -10.594800000000001
2.1582000000000003  1.1772  -9.3195
-4.6107  -0.9810000000000001  -19.62
-1.8639000000000001  1.2753  -10.692900000000002
-2.943  0.2943  -7.1613
-0.49050000000000005  0.3924  -5.1012
-1.1772  0.9810000000000001  -8.4366
-1.0791000000000002  -0.2943  -6.2784
-0.49050000000000005  0.49050000000000005  -9.4176
-0.2943  -3.3354000000000004  -7.749900000000001
-0.7848  -4.8069  -8.4366
10.1043  6.376500000000001  -19.62
-0.1962  0.1962  -14.911200000000001
-2.7468000000000004  -2.1582000000000003  -19.62
-3.9240000000000004  -2.4525  -19.62
-1.1772  -4.6107  -19.0314
0.6867000000000001  -3.9240000000000004  -2.2563000000000004
0.6867000000000001  -1.9620000000000002  0.3924
0.5886  -2.8449  3.4335
0.8829  -1.0791000000000002  -3.4335
0.3924  2.5506  -3.0411
0.0  1.3734000000000002  -6.867
-0.7848  4.316400000000001  -10.4967
-0.2943  2.2563000000000004  -13.8321
-2.1582000000000003  0.1962  -14.5188
-1.6677000000000002  1.2753  -12.0663
-3.4335  0.8829  -9.81
-1.8639000000000001  1.4715  -9.81
-0.9810000000000001  1.0791000000000002  -10.398600000000002
-1.0791000000000002  0.7848  -7.1613
-1.2753  0.5886  -6.474600000000001
-0.5886  -1.5696  -3.0411
-1.8639000000000001  -1.1772  19.62
6.867  -2.3544  -18.4428
3.2373000000000003  -1.0791000000000002  -19.62
-0.7848  -2.7468000000000004  -19.62
-0.0981  -0.3924  -16.9713
-0.49050000000000005  -1.7658  -9.1233
1.6677000000000002  2.1582000000000003  -16.9713
-0.5886  -4.1202  -10.594800000000001
0.1962  -1.3734000000000002  -9.025200000000002
-0.2943  -3.1392  -9.5157
-0.3924  -1.6677000000000002  -10.1043
-0.3924  -1.9620000000000002  -9.6138
-0.7848  -3.1392  -9.4176
-0.1962  -1.4715  -10.300500000000001
-0.3924  -2.3544  -10.300500000000001
-0.0  -1.2753  -10.398600000000002
-0.1962  -1.9620000000000002  -10.006200000000002
-0.0981  -1.4715  -9.6138
0.0981  -1.1772  -10.006200000000002
-0.0  -1.1772  -9.81
-0.49050000000000005  -2.1582000000000003  -8.7309
0.3924  -0.49050000000000005  -8.927100000000001
-0.3924  -2.0601  -9.6138
-0.49050000000000005  -1.6677000000000002  -10.889100000000001
-0.9810000000000001  -1.2753  -11.2815
-0.2943  0.2943  -10.300500000000001
-0.8829  0.0981  -11.183399999999999
-0.3924  -0.6867000000000001  -11.0853
-0.3924  0.1962  -10.692900000000002
0.2943  0.2943  -10.2024
-0.1962  0.0981  -10.692900000000002
-1.0791000000000002  -0.9810000000000001  -9.7119
-1.2753  -1.5696  -10.2024
-0.9810000000000001  -1.3734000000000002  -9.908100000000001
-0.8829  -0.5886  -7.553700000000001
-1.4715  -0.7848  -10.2024
-0.2943  0.1962  -11.5758
-0.5886  -0.9810000000000001  -10.594800000000001
0.0  -0.0981  -10.300500000000001
-0.1962  -0.0981  -10.300500000000001
-0.3924  0.0981  -10.1043
0.5886  0.2943  -9.7119
0.0981  -0.0981  -10.300500000000001
0.1962  -0.0981  -10.300500000000001
0.1962  -0.0981  -10.006200000000002
0.0981  -0.0981  -10.398600000000002
0.1962  -0.0981  -10.398600000000002
0.0981  -0.0981  -10.300500000000001
0.1962  -0.0981  -10.300500000000001
0.2943  -0.0981  -10.300500000000001
0.3924  -0.0  -10.2024
0.1962  -0.0  -10.300500000000001
0.0981  -0.0981  -10.300500000000001
0.0981  -0.0981  -10.300500000000001
0.1962  -0.0981  -10.300500000000001
0.1962  -0.0981  -10.300500000000001
0.1962  -0.0981  -10.2024
0.2943  -0.0981  -10.300500000000001
0.1962  -0.0981  -10.300500000000001
0.1962  -0.0981  -10.300500000000001
0.0981  -0.0981  -10.2024
0.0981  -0.0981  -10.300500000000001
0.1962  -0.0  -10.300500000000001
0.0981  -0.0981  -10.300500000000001
0.1962  -0.0981  -10.300500000000001
0.2943  -0.0  -10.2024
0.0981  -0.0981  -10.300500000000001
0.1962  -0.0981  -10.2024
0.1962  -0.0981  -10.300500000000001
0.1962  -0.0981  -10.2024
0.1962  -0.0981  -10.300500000000001
0.2943  -0.0981  -10.300500000000001
0.2943  -0.0981  -10.300500000000001
0.1962  -0.0  -10.300500000000001
0.1962  -0.0981  -10.300500000000001
0.1962  -0.0981  -10.300500000000001
0.1962  -0.0  -10.300500000000001
0.2943  -0.0981  -10.2024
0.1962  -0.0981  -10.300500000000001
0.1962  -0.0981  -10.300500000000001
0.1962  -0.0981  -10.300500000000001
0.1962  -0.0  -10.300500000000001
0.1962  -0.0  -10.300500000000001
0.2943  -0.0  -10.2024
0.1962  -0.0981  -10.398600000000002
0.1962  -0.0981  -10.300500000000001
0.1962  -0.0  -10.006200000000002
0.1962  -0.0981  -10.2024
0.1962  -0.1962  -10.300500000000001
0.0981  -0.0981  -10.300500000000001
0.2943  -0.0981  -10.300500000000001
0.0981  -0.0981  -10.2024
0.1962  -0.0981  -10.2024
0.2943  -0.0981  -10.300500000000001
0.1962  -0.0981  -10.300500000000001
0.1962  -0.0  -10.2024
0.1962  -0.0981  -10.300500000000001
0.2943  -0.0981  -10.300500000000001
0.0981  -0.0  -10.398600000000002
0.0981  -0.0981  -10.300500000000001
0.0981  -0.0981  -10.594800000000001
0.3924  -0.0981  -10.4967
0.2943  -0.0981  -10.1043
0.0981  -0.0981  -10.2024
0.2943  -0.0  -10.398600000000002
0.1962  -0.0981  -10.300500000000001
0.0981  -0.0  -10.2024
0.2943  -0.0981  -10.398600000000002
0.2943  -0.0981  -10.2024
0.1962  -0.0981  -10.1043
0.1962  -0.0981  -10.398600000000002
0.2943  -0.0981  -10.300500000000001
0.0981  -0.0  -10.300500000000001
0.0981  -0.0981  -10.2024
0.2943  -0.0981  -10.398600000000002
0.0  -0.0981  -10.2024
0.0981  -0.0981  -10.2024
0.1962  -0.0  -10.300500000000001
0.0981  -0.0981  -10.300500000000001
0.1962  -0.0981  -10.1043
0.1962  -0.0981  -10.300500000000001
0.2943  -0.0981  -10.2024
0.1962  -0.0  -10.300500000000001
0.1962  -0.0981  -10.300500000000001
0.1962  -0.0981  -10.300500000000001
0.1962  -0.0981  -10.300500000000001
0.1962  -0.0  -10.398600000000002
0.0981  -0.0981  -10.300500000000001
0.0981  -0.0981  -10.300500000000001
0.1962  -0.0981  -10.2024
0.1962  -0.0  -10.2024
0.1962  -0.0981  -10.300500000000001
0.0981  -0.0981  -10.300500000000001
0.0981  -0.0981  -10.398600000000002
0.1962  -0.0981  -10.398600000000002
0.1962  -0.0  -10.2024
0.0981  -0.0981  -10.300500000000001
0.1962  -0.0981  -10.398600000000002
0.1962  -0.0981  -10.300500000000001
0.1962  -0.0981  -10.2024
0.1962  -0.0981  -10.2024
0.1962  -0.0981  -10.300500000000001
0.0981  -0.0981  -10.300500000000001
0.1962  -0.0981  -10.398600000000002
0.1962  -0.0981  -10.300500000000001
0.0981  -0.0981  -10.300500000000001
0.1962  -0.1962  -10.300500000000001
0.2943  -0.0981  -10.2024
0.1962  -0.0981  -10.2024
0.1962  -0.0981  -10.300500000000001
0.0981  -0.0981  -10.2024
0.2943  -0.0  -10.2024
0.1962  -0.0981  -10.300500000000001
0.1962  -0.0981  -10.300500000000001
0.2943  -0.0981  -10.2024
0.1962  -0.0981  -10.300500000000001
0.2943  -0.0981  -10.300500000000001
0.2943  -0.0  -10.300500000000001
0.1962  -0.0981  -10.300500000000001
0.1962  -0.0981  -10.300500000000001
0.1962  -0.0981  -10.300500000000001
0.1962  -0.0981  -10.2024
0.1962  -0.0981  -10.300500000000001
0.1962  -0.0981  -10.300500000000001
0.1962  -0.0981  -10.300500000000001
0.1962  -0.0981  -10.300500000000001
0.1962  -0.0981  -10.2024
0.1962  -0.0981  -10.2024
0.1962  -0.0  -10.300500000000001
0.1962  -0.0981  -10.300500000000001
0.1962  -0.0981  -10.300500000000001
0.1962  -0.0981  -10.2024
0.1962  -0.0981  -10.300500000000001
0.1962  -0.0981  -10.2024
0.1962  -0.0  -10.2024
0.1962  -0.0  -10.2024
0.1962  -0.0  -10.2024
0.1962  -0.0  -10.300500000000001
0.1962  -0.0  -10.300500000000001
0.2943  -0.0981  -10.2024
0.1962  -0.0981  -10.300500000000001
0.1962  -0.0981  -10.1043
0.1962  -0.0981  -10.2024
0.1962  -0.0  -10.398600000000002
0.0981  -0.0  -10.2024
0.1962  -0.0  -10.300500000000001
0.2943  -0.0  -10.398600000000002
0.1962  -0.0  -10.2024
0.1962  -0.0981  -10.300500000000001
0.0981  -0.0981  -10.300500000000001
0.1962  -0.0981  -10.300500000000001
0.1962  -0.0  -10.398600000000002
0.1962  -0.0  -10.300500000000001
0.1962  -0.0981  -10.300500000000001
0.2943  -0.0  -10.300500000000001
0.1962  -0.0981  -10.300500000000001
0.1962  -0.0981  -10.300500000000001
0.1962  -0.0981  -10.300500000000001
0.1962  -0.0981  -10.300500000000001
0.0981  -0.0981  -10.300500000000001
0.1962  -0.0  -10.300500000000001
0.0981  -0.0981  -10.398600000000002
0.1962  -0.0981  -10.398600000000002
0.1962  -0.0981  -10.300500000000001
0.1962  -0.0  -10.300500000000001
0.1962  0.0  -10.398600000000002
0.1962  -0.0981  -10.300500000000001
0.2943  -0.0  -9.81
0.2943  -0.0  -10.398600000000002
0.1962  -0.0981  -10.006200000000002
0.2943  -0.0981  -10.398600000000002
13.6359  -7.749900000000001  -12.360600000000002
-2.6487000000000003  -1.6677000000000002  -13.047300000000002
1.3734000000000002  -3.9240000000000004  -15.401700000000002
1.9620000000000002  -1.1772  -13.243500000000001
3.1392  0.3924  -8.5347
0.5886  2.7468000000000004  -4.512600000000001
3.2373000000000003  3.2373000000000003  -3.6297
3.1392  1.6677000000000002  -6.2784
3.4335  0.49050000000000005  -5.493600000000001
4.905  0.49050000000000005  -7.3575
3.4335  0.9810000000000001  -6.670800000000001
1.3734000000000002  1.5696  -7.2594
1.0791000000000002  1.8639000000000001  -10.692900000000002
0.9810000000000001  -0.3924  -15.107400000000002
1.4715  0.49050000000000005  -9.2214
4.7088  -0.8829  -15.009300000000001
1.5696  -1.6677000000000002  -11.3796
3.3354000000000004  -1.5696  -11.772
0.8829  -1.8639000000000001  -13.341600000000001
1.6677000000000002  -1.6677000000000002  -10.4967
2.1582000000000003  -3.2373000000000003  -13.145400000000002
0.3924  -3.6297  -19.62
2.1582000000000003  -1.8639000000000001  -13.8321
1.3734000000000002  0.49050000000000005  -5.199300000000001
0.8829  1.3734000000000002  1.1772
2.0601  0.5886  0.5886
-0.6867000000000001  -0.6867000000000001  3.2373000000000003
0.49050000000000005  -3.1392  -7.848000000000001
5.003100000000001  -5.003100000000001  -19.62
5.6898  -4.2183  -19.62
3.1392  -2.4525  -11.8701
0.9810000000000001  -1.9620000000000002  -6.0822
-0.5886  -0.6867000000000001  0.7848
-0.2943  1.4715  7.848000000000001
0.2943  -1.5696  -2.3544
4.1202  -7.848000000000001  -19.62
2.943  -0.49050000000000005  -19.62
2.1582000000000003  -1.7658  -10.791000000000002
-0.1962  -0.6867000000000001  0.9810000000000001
-1.0791000000000002  0.0981  6.2784
1.5696  -0.5886  6.2784
3.5316  -3.5316  -11.6739
1.5696  -5.003100000000001  -19.62
3.4335  -3.0411  -19.62
3.2373000000000003  -1.2753  -15.794100000000002
1.7658  -1.6677000000000002  -7.651800000000001
0.1962  -0.1962  0.8829
0.2943  -0.0981  1.8639000000000001
1.8639000000000001  -0.9810000000000001  7.1613
5.003100000000001  -3.7278000000000002  -3.9240000000000004
5.493600000000001  -8.1423  -19.62
5.199300000000001  -3.7278000000000002  -19.62
5.1012  -1.6677000000000002  -16.8732
4.4145  -2.943  -12.1644
1.5696  -2.0601  -3.0411
0.5886  -0.0981  2.4525
0.2943  0.0  6.9651
4.512600000000001  -3.3354000000000004  0.8829
-16.677  11.4777  19.62
0.49050000000000005  -1.2753  -19.62
2.6487000000000003  1.5696  -17.854200000000002
1.3734000000000002  -0.2943  -11.6739
0.7848  -0.5886  -11.4777
-0.0981  0.5886  -9.908100000000001
-2.4525  -0.3924  -7.3575
-3.0411  0.5886  -3.4335
6.572700000000001  0.9810000000000001  2.0601
19.62  2.3544  -5.9841
5.6898  -0.6867000000000001  -12.949200000000001
-13.439700000000002  -0.7848  -19.62
-11.6739  -0.0981  -15.597900000000001
-4.0221  -3.9240000000000004  -9.2214
0.3924  -4.7088  -4.512600000000001
6.9651  -5.5916999999999994  -3.7278000000000002
11.772  0.49050000000000005  -7.848000000000001
7.946100000000001  1.9620000000000002  -10.889100000000001
3.9240000000000004  5.003100000000001  -18.639
-7.848000000000001  4.4145  -19.62
-10.987200000000001  0.8829  -15.597900000000001
-6.376500000000001  -3.0411  -8.4366
-1.7658  -5.395500000000001  -1.7658
4.1202  -5.2974000000000006  0.3924
11.183399999999999  -2.4525  -2.943
11.3796  1.6677000000000002  -11.9682
3.3354000000000004  4.0221  -19.62
-3.3354000000000004  4.4145  -19.62
-6.9651  1.4715  -18.148500000000002
-5.003100000000001  -0.5886  -11.4777
-2.4525  -2.6487000000000003  -6.7688999999999995
-1.6677000000000002  -2.943  -4.316400000000001
3.2373000000000003  -3.6297  0.2943
9.025200000000002  -1.2753  -3.0411
13.047300000000002  1.1772  -6.670800000000001
4.2183  1.4715  -17.559900000000003
0.6867000000000001  2.943  -17.658
-0.6867000000000001  1.8639000000000001  -13.734
-1.3734000000000002  0.9810000000000001  -9.908100000000001
-3.1392  0.9810000000000001  -10.4967
-2.1582000000000003  1.1772  -9.2214
-0.6867000000000001  -0.0981  -10.791000000000002
1.0791000000000002  0.7848  -7.749900000000001
1.3734000000000002  -0.3924  -12.262500000000001
3.4335  -0.3924  -9.7119
1.1772  -0.2943  -11.9682
1.0791000000000002  -0.0981  -6.572700000000001
3.9240000000000004  0.8829  -11.772
-0.2943  0.2943  -11.2815
-19.62  5.5916999999999994  -19.62
0.0981  1.5696  -9.1233
0.2943  -0.0981  -10.1043
0.0981  -0.0981  -10.300500000000001
0.1962  -0.0  -10.398600000000002
0.2943  -0.0981  -9.908100000000001
0.0981  -0.0981  -10.4967
0.1962  -0.0981  -10.300500000000001
0.2943  -0.0981  -10.1043
0.0981  -0.0981  -10.2024
0.0981  -0.0981  -10.398600000000002
0.1962  -0.0981  -10.2024
0.1962  -0.0981  -10.300500000000001
0.1962  -0.0981  -10.300500000000001
0.1962  -0.0981  -10.300500000000001
0.1962  -0.0981  -10.2024
0.0981  -0.1962  -10.300500000000001
0.1962  -0.0981  -10.300500000000001
0.1962  -0.0981  -10.2024
0.0981  -0.0981  -10.300500000000001
0.1962  -0.0981  -10.300500000000001
0.1962  -0.0981  -10.300500000000001
0.0981  -0.0981  -10.300500000000001
0.1962  -0.0981  -10.398600000000002
0.1962  -0.0981  -10.300500000000001
0.1962  -0.0981  -10.2024
0.0981  -0.0981  -10.398600000000002
0.1962  -0.0981  -10.300500000000001
0.1962  -0.0981  -10.300500000000001
0.0981  -0.0  -10.2024
0.1962  -0.0981  -10.2024
0.1962  -0.0981  -10.2024
0.1962  -0.0981  -10.2024
0.0981  -0.0981  -10.2024
0.0981  -0.0981  -10.300500000000001
0.1962  -0.0981  -10.300500000000001
0.1962  -0.0981  -10.2024
0.1962  -0.0  -10.300500000000001
0.1962  -0.0981  -10.300500000000001
0.1962  -0.0981  -10.300500000000001
0.1962  -0.0981  -10.398600000000002
0.1962  -0.0981  -10.2024
0.1962  -0.0981  -10.300500000000001
0.2943  -0.0  -10.2024
0.1962  -0.0981  -10.300500000000001
0.1962  -0.0981  -10.300500000000001
0.1962  -0.0981  -10.300500000000001
0.1962  0.0  -10.300500000000001
0.1962  -0.0981  -10.2024
0.1962  -0.0  -10.300500000000001
0.1962  -0.0981  -10.300500000000001
0.1962  -0.0981  -10.300500000000001
0.1962  -0.0981  -10.2024
0.0981  -0.0981  -10.300500000000001
0.1962  -0.0981  -10.300500000000001
0.1962  -0.0  -10.300500000000001
0.2943  -0.0981  -10.2024
0.1962  -0.0  -10.300500000000001
0.0981  -0.0981  -10.2024
0.1962  -0.0981  -10.300500000000001
0.1962  -0.0981  -10.300500000000001
0.1962  -0.0981  -10.2024
0.1962  -0.0981  -10.300500000000001
0.2943  -0.0981  -10.300500000000001
0.1962  -0.0  -10.300500000000001
0.0981  -0.0981  -10.2024
0.1962  -0.0  -10.2024
0.1962  -0.0981  -10.2024
0.1962  -0.0981  -10.2024
0.1962  -0.0981  -10.300500000000001
0.2943  -0.0981  -10.2024
0.1962  -0.0981  -10.300500000000001
0.2943  -0.0  -10.300500000000001
0.1962  -0.0981  -10.300500000000001
0.1962  -0.0981  -10.300500000000001
0.1962  -0.0981  -10.300500000000001
0.1962  -0.0981  -10.2024
0.1962  -0.0  -10.300500000000001
0.1962  -0.0981  -10.2024
0.2943  -0.0981  -10.300500000000001
0.1962  -0.0981  -10.300500000000001
0.1962  -0.0981  -10.2024
0.1962  0.0  -10.300500000000001
0.0981  -0.0  -10.300500000000001
0.1962  -0.0981  -10.300500000000001
0.1962  -0.0981  -10.300500000000001
0.1962  -0.0  -10.300500000000001
0.1962  -0.0981  -10.398600000000002
0.1962  -0.0981  -10.2024
0.2943  -0.0  -10.2024
0.1962  -0.0981  -10.398600000000002
0.1962  -0.0981  -10.300500000000001
0.0981  -0.0981  -10.300500000000001
0.1962  -0.0  -10.300500000000001
0.1962  -0.0  -10.2024
0.1962  -0.0981  -10.300500000000001
0.1962  -0.0981  -10.2024
0.1962  -0.0  -10.300500000000001
0.1962  -0.1962  -10.300500000000001
0.1962  -0.0981  -10.300500000000001
0.1962  -0.0981  -10.300500000000001
0.1962  -0.0981  -10.300500000000001
0.1962  -0.0981  -10.300500000000001
0.1962  -0.0981  -10.300500000000001
0.1962  -0.0981  -10.300500000000001
0.1962  -0.0981  -10.300500000000001
0.1962  -0.0981  -10.300500000000001
0.1962  -0.0981  -10.2024
0.2943  -0.0981  -10.2024
0.0981  -0.0981  -10.398600000000002
0.1962  -0.0  -10.2024
0.2943  -0.0  -10.398600000000002
0.1962  -0.0  -10.1043
0.2943  -0.0981  -10.300500000000001
0.1962  -0.0981  -10.300500000000001
0.1962  -0.0981  -10.300500000000001
0.1962  -0.0981  -10.2024
0.1962  -0.0981  -10.300500000000001
0.1962  -0.0  -10.300500000000001
0.1962  -0.0981  -10.2024
0.1962  -0.0981  -10.2024
0.1962  -0.0  -10.2024
0.0981  -0.0981  -10.2024
0.1962  -0.0981  -10.300500000000001
0.1962  -0.0981  -10.300500000000001
0.1962  -0.0981  -10.300500000000001
0.1962  -0.0981  -10.2024
0.1962  -0.0981  -10.300500000000001
0.0981  -0.0981  -10.2024
0.1962  -0.0981  -10.398600000000002
0.1962  -0.0981  -10.300500000000001
0.1962  -0.0981  -10.300500000000001
0.1962  -0.0981  -10.300500000000001
0.1962  -0.0  -10.300500000000001
0.2943  0.0  -10.300500000000001
0.1962  -0.0981  -10.300500000000001
0.1962  -0.0981  -10.300500000000001
0.2943  -0.0981  -10.300500000000001
0.0981  -0.0981  -10.398600000000002
0.1962  -0.0981  -10.300500000000001
0.0981  -0.0  -10.300500000000001
0.1962  -0.0981  -10.300500000000001
0.1962  0.0  -10.300500000000001
0.1962  -0.0981  -10.300500000000001
0.1962  -0.0  -10.300500000000001
0.1962  -0.0981  -10.300500000000001
0.1962  -0.0981  -10.2024
0.1962  -0.0981  -10.2024
0.1962  -0.0981  -10.300500000000001
0.1962  -0.0981  -10.2024
0.2943  -0.0981  -10.300500000000001
0.1962  -0.0981  -10.300500000000001
0.3924  -0.0  -10.300500000000001
0.1962  -0.0981  -10.398600000000002
0.1962  -0.0981  -10.2024
0.1962  -0.0981  -10.300500000000001
0.1962  -0.0981  -10.2024
0.1962  -0.0981  -10.398600000000002
0.1962  -0.0981  -10.2024
0.0981  -0.0  -10.300500000000001
0.2943  -0.0981  -10.2024
0.1962  -0.0981  -10.300500000000001
0.0981  -0.0  -10.2024
0.2943  -0.0981  -10.2024
0.2943  -0.0  -10.2024
0.1962  -0.0981  -10.300500000000001
0.0981  0.0981  -10.2024
0.1962  -0.0981  -10.300500000000001
0.0981  -0.0981  -10.2024
0.0981  -0.0981  -10.300500000000001
0.1962  -0.0981  -10.300500000000001
0.1962  -0.0981  -10.300500000000001
0.0981  -0.0981  -10.300500000000001
0.1962  -0.0981  -10.2024
0.1962  -0.0  -10.2024
0.1962  -0.0  -10.398600000000002
0.1962  -0.0  -10.300500000000001
0.1962  -0.0981  -10.2024
0.1962  -0.0981  -10.300500000000001
0.1962  -0.0  -10.300500000000001
0.2943  -0.0981  -10.300500000000001
0.1962  -0.0981  -10.300500000000001
0.2943  -0.0  -10.2024
0.2943  -0.0981  -10.300500000000001
0.1962  -0.0  -10.300500000000001
0.1962  -0.0  -10.398600000000002
0.2943  -0.0  -10.2024
0.1962  -0.0981  -10.300500000000001
0.1962  -0.0981  -10.300500000000001
0.1962  -0.1962  -10.4967
0.1962  -0.0  -10.300500000000001
0.3924  -0.0981  -10.006200000000002
0.1962  -0.0  -10.398600000000002
0.0981  -0.0981  -10.2024
0.1962  -0.0981  -10.398600000000002
0.2943  -0.0981  -10.300500000000001
0.1962  -0.0981  -10.398600000000002
0.1962  -0.0981  -10.2024
